joint_trajectory:
  points:
    - positions: [1.57, -1.5707, 0, -1.5707, -1.57, 3.14]
      time_from_start: 0
    - time_from_start: 0
      positions: [1.420018437776313, -1.759814196918819, 0.09274287476660092, -1.087602164813157, -1.577233756237753, 2.813342268000569]
    - positions: [-1.230218280048028, -2.065241053261459, 2.080888341022111, 0.7621262604288519, 1.146722335050452, 2.632242700315646]
      time_from_start: 0
    - positions: [-1.348291052091124, -1.727568392493275, 2.267024939125506, -0.5276668778383274, 0.9293108250597293, 3.139321449886788]
      time_from_start: 0
  joint_names: [shoulder_pan_joint, shoulder_lift_joint, elbow_joint, wrist_1_joint, wrist_2_joint, wrist_3_joint]