joint_trajectory:
  joint_names: [shoulder_pan_joint, shoulder_lift_joint, elbow_joint, wrist_1_joint, wrist_2_joint, wrist_3_joint]
  points:
    - time_from_start: 0
      positions: [1.57, -1.5707, 0, -1.5707, -1.57, 3.14]
    - time_from_start: 0
      positions: [-1.659851344271438, -2.446409658303175, 2.581021281657754, -0.8297396075742896, 0.7848093951857333, 0.02145872487069388]
    - positions: [-1.658455461731458, -2.441709313746891, 2.585388108508133, -0.8232968252036429, 0.8063704519967623, 0.05548389876146465]
      time_from_start: 0
    - time_from_start: 0
      positions: [-1.439480224532575, -1.892196321589038, 2.389338165136769, -0.5073444644894304, 1.233994184706428, 3.134953424427454]