joint_trajectory:
  joint_names: [shoulder_pan_joint, shoulder_lift_joint, elbow_joint, wrist_1_joint, wrist_2_joint, wrist_3_joint]
  points:
    - positions: [1.57, -1.5707, 0, -1.5707, -1.57, 3.14]
      time_from_start: 0
    - time_from_start: 0
      positions: [-2.237512408054162, -0.5691463246931689, -2.162898812773838, 0.5435842032430984, 1.197446416353927, 1.177363252284234]
    - time_from_start: 0
      positions: [-2.663296112300112, -1.218230602850773, -2.500877097607627, 0.3759160039501243, 2.330951194332756, 1.151283246054001]
    - time_from_start: 0
      positions: [-2.490264879394198, -1.976303710377454, -2.331326635934311, 1.17527057986751, 2.142786267242729, -0.0002406823025066367]