joint_trajectory:
  points:
    - positions: [1.57, -1.5707, 0, -1.5707, -1.57, 3.14]
      time_from_start: 0
    - time_from_start: 0
      positions: [1.19300690347547, -1.730818276107459, 0.9466801708747896, 0.9227333019998618, -1.22219115406781, -0.160797157351852]
    - positions: [-0.2795142770169332, -1.809817868362032, 1.748533947329186, 2.602050127013268, -2.033251622393332, -0.1785809254647787]
      time_from_start: 0
    - positions: [-0.410432560601647, -1.546178895997024, 1.782807338048956, 2.91350519002254, -2.149394225358135, 0.002646983309488291]
      time_from_start: 0
  joint_names: [shoulder_pan_joint, shoulder_lift_joint, elbow_joint, wrist_1_joint, wrist_2_joint, wrist_3_joint]