joint_trajectory:
  points:
    - time_from_start: 0
      positions: [1.57, -1.5707, 0, -1.5707, -1.57, 3.14]
    - positions: [-2.397348379907759, -1.984957158818547, 1.683781966201956, 0.1234495080098011, 1.043076567329719, -0.4946480193497802]
      time_from_start: 0
    - time_from_start: 0
      positions: [-2.652924531889043, -1.161691379876651, 1.87038737816111, 0.1882969134882158, 0.5453447078634883, 0.7950854915488357]
    - time_from_start: 0
      positions: [-2.501473112103753, -0.6675826300973693, 1.716747073011774, -1.036245202345314, 0.57453459768938, 3.134041731815434]
  joint_names: [shoulder_pan_joint, shoulder_lift_joint, elbow_joint, wrist_1_joint, wrist_2_joint, wrist_3_joint]