joint_trajectory:
  points:
    - positions: [1.57, -1.5707, 0, -1.5707, -1.57, 3.14]
      time_from_start: 0
    - time_from_start: 0
      positions: [-0.5093259309020217, -1.881396854187414, 1.048421297924522, 0.5935181278936947, 0.1419787322653873, -2.610823706403957]
    - time_from_start: 0
      positions: [-0.3605470789663772, -1.845191001402092, 1.23254281835609, 0.508619412153811, 0.4382742954688378, -2.859086155351467]
    - time_from_start: 0
      positions: [-0.09285447418882507, -1.76722441487148, 1.489167813285539, 0.2689808313323816, 0.9494435640049951, -3.129780201000345]
  joint_names: [shoulder_pan_joint, shoulder_lift_joint, elbow_joint, wrist_1_joint, wrist_2_joint, wrist_3_joint]