joint_trajectory:
  points:
    - positions: [1.57, -1.5707, 0, -1.5707, -1.57, 3.14]
      time_from_start: 0
    - positions: [1.698293977399298, -0.9394555208135547, 0.09669232675031299, -1.013593935480506, -1.151265606564361, 1.515771701384474]
      time_from_start: 0
    - time_from_start: 0
      positions: [-1.723023698675993, -1.484710720460506, -1.999829672957711, 0.4684310381225699, 0.8915412154102802, -0.06116447160662192]
    - positions: [-1.798336209628932, -1.600521580790498, -1.782026861552267, 0.2296283226923495, 0.8975532543179409, 0.00972463270113497]
      time_from_start: 0
  joint_names: [shoulder_pan_joint, shoulder_lift_joint, elbow_joint, wrist_1_joint, wrist_2_joint, wrist_3_joint]