joint_trajectory:
  points:
    - time_from_start: 0
      positions: [1.57, -1.5707, 0, -1.5707, -1.57, 3.14]
    - time_from_start: 0
      positions: [-1.39331917806897, -0.4284219844808393, -1.828984922078257, -0.9996053391089963, -1.000189139468351, 1.072838042918182]
    - positions: [-1.289201292986801, 0.08641724557879679, -1.45516055840192, -1.805548289272201, -0.5394982746490268, 0.05577652655428698]
      time_from_start: 0
    - time_from_start: 0
      positions: [-1.264578143597866, 0.1139294294421395, -1.416869126462046, -1.84633027675526, -0.5069868516039401, 0.007366105123238604]
  joint_names: [shoulder_pan_joint, shoulder_lift_joint, elbow_joint, wrist_1_joint, wrist_2_joint, wrist_3_joint]