joint_trajectory:
  points:
    - positions: [1.57, -1.5707, 0, -1.5707, -1.57, 3.14]
      time_from_start: 0
    - positions: [-0.1669569581901255, -1.943821268029688, -1.169464042978979, 0.2018553275440504, 1.487836550348192, 1.014235745178087]
      time_from_start: 0
    - positions: [-0.7296103856804921, -1.342344675987455, -1.450214099348287, 1.479773257739044, 1.031322202079211, -0.9913424156636155]
      time_from_start: 0
    - positions: [-1.687434364351528, -1.198737875713265, -1.618598922974956, 2.800463134295988, -0.5175384863208485, -3.12970215284306]
      time_from_start: 0
  joint_names: [shoulder_pan_joint, shoulder_lift_joint, elbow_joint, wrist_1_joint, wrist_2_joint, wrist_3_joint]