joint_trajectory:
  joint_names: [shoulder_pan_joint, shoulder_lift_joint, elbow_joint, wrist_1_joint, wrist_2_joint, wrist_3_joint]
  points:
    - time_from_start: 0
      positions: [1.57, -1.5707, 0, -1.5707, -1.57, 3.14]
    - positions: [-0.4219757518317498, -1.858876040497798, 1.88793603520175, 2.728747591336671, -1.515938771362731, 0.1747364849127735]
      time_from_start: 0
    - positions: [-0.6464939844156412, -1.783455746963602, 1.81744034056331, 2.951783026876325, -1.520198899157705, 0.0811096619256496]
      time_from_start: 0
    - positions: [-0.5823103291774494, -1.650925579557492, 1.883691755393509, 2.910693546081029, -1.477051540256586, -0.007322362568471674]
      time_from_start: 0