joint_trajectory:
  joint_names: [shoulder_pan_joint, shoulder_lift_joint, elbow_joint, wrist_1_joint, wrist_2_joint, wrist_3_joint]
  points:
    - positions: [1.57, -1.5707, 0, -1.5707, -1.57, 3.14]
      time_from_start: 0
    - time_from_start: 0
      positions: [0.5124660084469179, -1.835564121505158, 1.982509342552822, 0.109504954569824, 2.323934820015903, 2.494137229045716]
    - positions: [0.2449969017987777, -1.593353690255889, 2.093300185465554, -0.4073422425308974, 2.01023250959207, 3.026113475454718]
      time_from_start: 0
    - time_from_start: 0
      positions: [0.1719519119343204, -1.478753024021219, 2.027031552543687, -0.557456571731865, 1.862138434585371, 3.138234556423134]