joint_trajectory:
  points:
    - time_from_start: 0
      positions: [1.57, -1.5707, 0, -1.5707, -1.57, 3.14]
    - positions: [0.1136270078729856, -0.111339041865505, 1.082095894890804, -1.262510572574114, -0.3736634494014579, -0.006162511401569284]
      time_from_start: 0
    - positions: [-0.5894844122416375, -0.2615085797525937, 1.761269342760876, 1.357849666927852, -1.430671700573283, 0.0293372956306245]
      time_from_start: 0
    - positions: [-0.6194786764739822, -0.2895038013370739, 1.78083210358256, 1.640751291346965, -1.537452961629223, 0.005841338714396687]
      time_from_start: 0
  joint_names: [shoulder_pan_joint, shoulder_lift_joint, elbow_joint, wrist_1_joint, wrist_2_joint, wrist_3_joint]