joint_trajectory:
  joint_names: [shoulder_pan_joint, shoulder_lift_joint, elbow_joint, wrist_1_joint, wrist_2_joint, wrist_3_joint]
  points:
    - time_from_start: 0
      positions: [1.57, -1.5707, 0, -1.5707, -1.57, 3.14]
    - positions: [0.3824085428013851, -1.736669359999606, 1.803637240655281, 2.408637854496525, -1.46558525821857, 0.07888837068497107]
      time_from_start: 0
    - positions: [0.3080515141091148, -1.690848605693154, 1.851754185433866, 2.683715565027093, -1.553118772508253, 0.04150700477089192]
      time_from_start: 0
    - positions: [0.2521234633100992, -1.63853525858412, 1.877963635106247, 2.9108724073724, -1.62285230682532, 0.0005748025856044974]
      time_from_start: 0