joint_trajectory:
  points:
    - positions: [1.57, -1.5707, 0, -1.5707, -1.57, 3.14]
      time_from_start: 0
    - positions: [1.850996868781624, -0.5559332908927808, -1.532785815985834, -0.7654617660374698, -0.3424212242593852, 0.3528230303007055]
      time_from_start: 0
    - positions: [2.791232269754631, -1.316160977956831, -2.580635230739626, 0.8937710066358562, 1.544708335066601, 0.2235244725327274]
      time_from_start: 0
    - positions: [3.025416786905451, -1.901084658888555, -2.49929432870984, 1.255378792103364, 1.351664965469087, -0.005502286364331037]
      time_from_start: 0
  joint_names: [shoulder_pan_joint, shoulder_lift_joint, elbow_joint, wrist_1_joint, wrist_2_joint, wrist_3_joint]