joint_trajectory:
  joint_names: [shoulder_pan_joint, shoulder_lift_joint, elbow_joint, wrist_1_joint, wrist_2_joint, wrist_3_joint]
  points:
    - time_from_start: 0
      positions: [1.57, -1.5707, 0, -1.5707, -1.57, 3.14]
    - time_from_start: 0
      positions: [-1.838988898716692, -2.17582580804362, 2.363424630244818, -0.3892461304087222, 1.197705351758385, -2.116656027629467]
    - positions: [-1.801121327142198, -1.921412741627229, 2.302283599087628, -0.4846180233436952, 1.241664223290249, -2.604479041456219]
      time_from_start: 0
    - time_from_start: 0
      positions: [-1.797929085935852, -1.666584659788275, 2.215315694648065, -0.5533689088020856, 1.188425919155226, -3.140776695324062]