joint_trajectory:
  joint_names: [shoulder_pan_joint, shoulder_lift_joint, elbow_joint, wrist_1_joint, wrist_2_joint, wrist_3_joint]
  points:
    - positions: [1.57, -1.5707, 0, -1.5707, -1.57, 3.14]
      time_from_start: 0
    - positions: [-1.326426468410545, -1.082515540100979, -1.324214380982049, -2.670082567545681, 1.19257707584828, -0.8925566020406277]
      time_from_start: 0
    - time_from_start: 0
      positions: [-1.769839563957665, -1.390869989981163, -2.015321465956922, -2.612487469940905, -0.2391252576966132, -2.642720791078555]
    - positions: [-2.08272285611809, -1.66510749553628, -2.012734076149348, -2.61582399361046, -0.8874796260787386, -3.130561574081895]
      time_from_start: 0