joint_trajectory:
  joint_names: [shoulder_pan_joint, shoulder_lift_joint, elbow_joint, wrist_1_joint, wrist_2_joint, wrist_3_joint]
  points:
    - time_from_start: 0
      positions: [1.57, -1.5707, 0, -1.5707, -1.57, 3.14]
    - time_from_start: 0
      positions: [-1.415603662475549, -2.315204511310987, 2.040072098020488, 0.6180992322226303, 1.354077259629791, 1.982186444029116]
    - time_from_start: 0
      positions: [-1.357182590022672, -1.977366637705994, 2.422599541442726, -0.4433273853873285, 1.214108217854106, 3.140176864792705]