joint_trajectory:
  joint_names: [shoulder_pan_joint, shoulder_lift_joint, elbow_joint, wrist_1_joint, wrist_2_joint, wrist_3_joint]
  points:
    - time_from_start: 0
      positions: [1.57, -1.5707, 0, -1.5707, -1.57, 3.14]
    - positions: [-1.660423416386669, -2.099728238385969, 1.229590409344475, -0.2222984012034847, 0.3135800095040001, 0.8913441768571468]
      time_from_start: 0
    - time_from_start: 0
      positions: [-1.692246884255726, -1.778971590495687, 1.323781434994185, 0.07677819850170398, 0.3322175377024769, 1.645909780341574]
    - positions: [-1.497458977037365, -1.378830337209795, 1.112601338225449, 0.2737502272279363, 0.3813104132629226, 3.13420757297239]
      time_from_start: 0