joint_trajectory:
  joint_names: [shoulder_pan_joint, shoulder_lift_joint, elbow_joint, wrist_1_joint, wrist_2_joint, wrist_3_joint]
  points:
    - positions: [1.57, -1.5707, 0, -1.5707, -1.57, 3.14]
      time_from_start: 0
    - time_from_start: 0
      positions: [-0.8000820027262689, -3.008195323607998, 2.364649409608258, 0.5601016927097069, 0.3740655089692336, -2.269741679660831]
    - positions: [-1.096702361135072, -1.948021872096993, 1.560349606992854, 0.316795776549341, 1.054573522448993, -3.106528950210445]
      time_from_start: 0
    - positions: [-1.098201523195927, -1.898511456223974, 1.581778615966323, 0.316139042778, 1.071302630073652, -3.134434989724145]
      time_from_start: 0