joint_trajectory:
  joint_names: [shoulder_pan_joint, shoulder_lift_joint, elbow_joint, wrist_1_joint, wrist_2_joint, wrist_3_joint]
  points:
    - time_from_start: 0
      positions: [1.57, -1.5707, 0, -1.5707, -1.57, 3.14]
    - positions: [-0.2028842411804525, -1.767681539850986, 1.480029653786072, -0.3469083401553436, -0.7826110140386973, 0.575199531448775]
      time_from_start: 0
    - time_from_start: 0
      positions: [-0.6619268840120295, -1.627780888817846, 1.362319633328648, 0.1991108662611804, 0.6209656306404387, 2.784306679189905]
    - positions: [-0.5916357000807173, -1.569662919594966, 1.330032155711291, 0.253274691192639, 0.8010700158038453, 3.133807292243393]
      time_from_start: 0