joint_trajectory:
  joint_names: [shoulder_pan_joint, shoulder_lift_joint, elbow_joint, wrist_1_joint, wrist_2_joint, wrist_3_joint]
  points:
    - positions: [1.57, -1.5707, 0, -1.5707, -1.57, 3.14]
      time_from_start: 0
    - time_from_start: 0
      positions: [-1.156681082502273, -2.075097111186397, 1.262032846079364, -0.01136367176898901, 0.4587584601170074, -2.748582968193857]
    - time_from_start: 0
      positions: [-1.460133941614445, -2.073462392474442, 1.525272331269118, 0.1782302784537621, 1.18910986606907, -2.963279368670537]
    - time_from_start: 0
      positions: [-1.283071830281348, -1.824495974980295, 1.532254191962191, 0.297762970068719, 1.142364337956106, -3.140720768887801]