joint_trajectory:
  joint_names: [shoulder_pan_joint, shoulder_lift_joint, elbow_joint, wrist_1_joint, wrist_2_joint, wrist_3_joint]
  points:
    - time_from_start: 0
      positions: [1.57, -1.5707, 0, -1.5707, -1.57, 3.14]
    - positions: [-0.1852198058050316, -1.05806044757454, -2.325271098191017, -0.9397658366803843, -0.5440415911014973, 1.327034598392729]
      time_from_start: 0
    - positions: [-1.691543793545851, -1.600643571728707, -2.536982697439547, 0.6353560877366478, 0.7471971076907296, 0.3769253528938414]
      time_from_start: 0
    - time_from_start: 0
      positions: [-2.093670459810679, -1.943035495143446, -2.412674742794656, 1.210230993697429, 1.395270129265042, -0.0006232065638024173]