joint_trajectory:
  joint_names: [shoulder_pan_joint, shoulder_lift_joint, elbow_joint, wrist_1_joint, wrist_2_joint, wrist_3_joint]
  points:
    - time_from_start: 0
      positions: [1.57, -1.5707, 0, -1.5707, -1.57, 3.14]
    - time_from_start: 0
      positions: [0.724249362965935, -2.010674252714054, 0.1312532622594154, 1.657281598372301, -1.366303883375154, 1.477075135820343]
    - positions: [-0.3138674651299789, -1.948636480328789, 1.873812615628108, 2.8950747453045, -1.900304269922425, 0.1747145415130525]
      time_from_start: 0
    - positions: [-0.2993751894219718, -1.718037452944744, 1.948600364157323, 2.90530364903974, -2.092921528987896, -0.0126341516399372]
      time_from_start: 0