joint_trajectory:
  points:
    - positions: [1.57, -1.5707, 0, -1.5707, -1.57, 3.14]
      time_from_start: 0
    - time_from_start: 0
      positions: [1.149735137677774, -1.505558443816281, 1.999346179657526, 0.3991972555248424, 1.618096551063377, -2.785911235287416]
    - positions: [1.130118537510647, -1.363479415393499, 2.022148538449773, 0.05213716788863665, 1.700414068906559, -2.890325332642102]
      time_from_start: 0
    - positions: [1.0619734060384, -0.7758844318143737, 2.033305762152227, -1.262218520987192, 1.87842628200158, -3.137746181338174]
      time_from_start: 0
  joint_names: [shoulder_pan_joint, shoulder_lift_joint, elbow_joint, wrist_1_joint, wrist_2_joint, wrist_3_joint]