joint_trajectory:
  points:
    - time_from_start: 0
      positions: [1.57, -1.5707, 0, -1.5707, -1.57, 3.14]
    - positions: [-1.088535234025854, -1.574920524203562, 1.705571609753479, 0.1490132310239701, -0.4017710913015812, 0.1299638547372761]
      time_from_start: 0
    - positions: [-1.888703259057321, -1.194995892805933, 2.155459105004283, -0.5301544134328415, -0.1633135168868535, -1.734505298231033]
      time_from_start: 0
    - time_from_start: 0
      positions: [-1.546093236788404, -0.763177671876539, 1.994701107637712, -1.244492093261327, 0.5667078007364745, -3.124871240214338]
  joint_names: [shoulder_pan_joint, shoulder_lift_joint, elbow_joint, wrist_1_joint, wrist_2_joint, wrist_3_joint]