joint_trajectory:
  joint_names: [shoulder_pan_joint, shoulder_lift_joint, elbow_joint, wrist_1_joint, wrist_2_joint, wrist_3_joint]
  points:
    - time_from_start: 0
      positions: [1.57, -1.5707, 0, -1.5707, -1.57, 3.14]
    - positions: [-2.751286051924767, -2.381441790296935, 1.81403126974331, 0.009646649626463957, 0.7459091069389973, -2.894570007033372]
      time_from_start: 0
    - positions: [-2.606609131087118, -1.967731230786989, 1.613995656985256, 0.1933265145460826, 0.6094486438070135, -3.070064769580517]
      time_from_start: 0
    - time_from_start: 0
      positions: [-2.54393224763913, -1.801015647641529, 1.530539823063311, 0.2642731266786358, 0.5510763387744222, -3.135186383745307]