joint_trajectory:
  points:
    - positions: [1.57, -1.5707, 0, -1.5707, -1.57, 3.14]
      time_from_start: 0
    - positions: [-2.179856160202326, -0.9007798008108898, -2.39181410455695, -2.174347774280704, 0.01197771489621, 1.646021572265478]
      time_from_start: 0
    - positions: [-2.401261580247909, -1.067615270250063, -2.356138326849357, -2.319675408203068, -0.3594916090924737, 2.140442366114106]
      time_from_start: 0
    - positions: [-2.829222097503899, -1.410672986031581, -2.256161660153501, -2.613231908739412, -1.10328535468015, 3.136392372954218]
      time_from_start: 0
  joint_names: [shoulder_pan_joint, shoulder_lift_joint, elbow_joint, wrist_1_joint, wrist_2_joint, wrist_3_joint]