joint_trajectory:
  joint_names: [shoulder_pan_joint, shoulder_lift_joint, elbow_joint, wrist_1_joint, wrist_2_joint, wrist_3_joint]
  points:
    - time_from_start: 0
      positions: [1.57, -1.5707, 0, -1.5707, -1.57, 3.14]
    - time_from_start: 0
      positions: [-1.051662249672442, -0.5255028004372664, -1.871835080174006, 0.213366052679393, 0.1765603744540526, 0.2785184765110942]
    - time_from_start: 0
      positions: [-0.9898114835740519, -0.8507176816782787, -2.15339414983122, -0.02501679860231334, 0.7480785740378602, -0.2300091420884843]
    - time_from_start: 0
      positions: [-1.158223933799018, -1.192157282624221, -2.101355750377023, 0.1518807296391712, 0.7782933999999559, 0.005921696729894267]