joint_trajectory:
  points:
    - time_from_start: 0
      positions: [1.57, -1.5707, 0, -1.5707, -1.57, 3.14]
    - positions: [-0.5185948202753679, -0.5426515340895106, 0.1068557987510645, 0.8489292805142763, -0.779497897497343, -1.233627524336679]
      time_from_start: 0
    - time_from_start: 0
      positions: [-0.4026684719819198, -0.5292285349958264, 0.2805628433296909, 0.4312377474064871, -0.8738428175952424, -1.120672505373985]
    - time_from_start: 0
      positions: [0.5164612954559443, -0.5029710134684715, 1.399664641066192, -2.471815691273225, -1.565781884029609, -0.1707644737771288]
  joint_names: [shoulder_pan_joint, shoulder_lift_joint, elbow_joint, wrist_1_joint, wrist_2_joint, wrist_3_joint]