joint_trajectory:
  joint_names: [shoulder_pan_joint, shoulder_lift_joint, elbow_joint, wrist_1_joint, wrist_2_joint, wrist_3_joint]
  points:
    - time_from_start: 0
      positions: [1.57, -1.5707, 0, -1.5707, -1.57, 3.14]
    - time_from_start: 0
      positions: [1.675657638531614, -2.045484347470781, -1.459161069833715, -0.2333502809350941, 0.05597247735884667, -1.005001310414896]
    - time_from_start: 0
      positions: [1.679887227062931, -2.156749474893359, -1.413746531860726, -0.2778075166137858, 0.3162439477942852, -0.8510086350904726]
    - time_from_start: 0
      positions: [2.011401179624293, -2.816872695593979, -0.8539345207939489, -1.042921074341582, 1.570060995258299, 0.2742132508874901]