joint_trajectory:
  points:
    - positions: [1.57, -1.5707, 0, -1.5707, -1.57, 3.14]
      time_from_start: 0
    - positions: [-0.8271993250471251, -1.655309788600637, 1.669057399256493, -0.6607210901354805, -0.5626898952160598, -0.2355332867081278]
      time_from_start: 0
    - time_from_start: 0
      positions: [-0.8673328549822072, -1.407529863888324, 1.62058013400827, -1.060199811439142, -0.8056721341751394, -0.2276974994277839]
    - time_from_start: 0
      positions: [-0.9279602788814376, -0.6216766150333746, 1.395960870738661, -2.340153079684074, -1.569972061586401, -0.2627067233812856]
  joint_names: [shoulder_pan_joint, shoulder_lift_joint, elbow_joint, wrist_1_joint, wrist_2_joint, wrist_3_joint]