joint_trajectory:
  points:
    - positions: [1.57, -1.5707, 0, -1.5707, -1.57, 3.14]
      time_from_start: 0
    - positions: [-0.9275635206547428, -1.580184957199116, 0.8443333072383258, -2.090854341413754, -2.43683243389448, 0.8756555799841005]
      time_from_start: 0
    - positions: [-0.4385946173766297, -1.313107915484915, 1.505038244185634, -2.084967968469862, -2.368174975537336, 0.4321452291755143]
      time_from_start: 0
    - time_from_start: 0
      positions: [0.1695896309556886, -0.5627779294893315, 1.05313739832042, -2.054475778445098, -1.562829377360622, 0.1631317413462623]
  joint_names: [shoulder_pan_joint, shoulder_lift_joint, elbow_joint, wrist_1_joint, wrist_2_joint, wrist_3_joint]