joint_trajectory:
  joint_names: [shoulder_pan_joint, shoulder_lift_joint, elbow_joint, wrist_1_joint, wrist_2_joint, wrist_3_joint]
  points:
    - positions: [1.57, -1.5707, 0, -1.5707, -1.57, 3.14]
      time_from_start: 0
    - time_from_start: 0
      positions: [1.287093171379205, -1.574891625826344, 0.4271507698339617, -1.239545029191839, -1.316005603017802, 2.861650575783979]
    - time_from_start: 0
      positions: [-0.337996137051515, -1.36103964990661, 1.644622125977533, -1.000041851443382, -0.5419020266391139, 0.2944992308562859]
    - time_from_start: 0
      positions: [0.06352990544940594, -0.4365094548364043, 1.091021768941404, -2.221181393859752, -1.578028708577979, 0.01994597849427123]