joint_trajectory:
  points:
    - time_from_start: 0
      positions: [1.57, -1.5707, 0, -1.5707, -1.57, 3.14]
    - positions: [-0.7707721115376801, -1.147723387997971, 0.9006765541450192, 0.1664750210354486, -1.027114495806084, -0.5208520500767151]
      time_from_start: 0
    - time_from_start: 0
      positions: [-0.6723606339089638, -1.089992971735711, 1.057632073934047, -0.005706119330635639, -0.9581832700915081, -0.564371597910804]
    - time_from_start: 0
      positions: [0.3480184230141707, -0.5120322220690322, 1.159439843811694, -2.228720337054622, -1.568977608234581, 0.1106152325221314]
  joint_names: [shoulder_pan_joint, shoulder_lift_joint, elbow_joint, wrist_1_joint, wrist_2_joint, wrist_3_joint]