joint_trajectory:
  joint_names: [shoulder_pan_joint, shoulder_lift_joint, elbow_joint, wrist_1_joint, wrist_2_joint, wrist_3_joint]
  points:
    - positions: [1.57, -1.5707, 0, -1.5707, -1.57, 3.14]
      time_from_start: 0
    - time_from_start: 0
      positions: [-0.0834271301567035, -1.093784220142902, 0.688398322432367, 0.1611997471032933, -0.9631398669382563, -0.7261013475878991]
    - positions: [-0.04890670506812071, -0.9760715429280313, 0.7291951550149847, -0.2555101575871799, -1.095182839597965, -0.6570455121780583]
      time_from_start: 0
    - time_from_start: 0
      positions: [0.1270555284148288, -0.4962589921109798, 0.8388720855983814, -1.910169937151471, -1.564941641727793, -0.2777294450439782]