joint_trajectory:
  joint_names: [shoulder_pan_joint, shoulder_lift_joint, elbow_joint, wrist_1_joint, wrist_2_joint, wrist_3_joint]
  points:
    - time_from_start: 0
      positions: [1.57, -1.5707, 0, -1.5707, -1.57, 3.14]
    - time_from_start: 0
      positions: [-0.1569888776875017, -1.738081867359121, 1.430692596057643, -1.261453527870247, -1.923741091670597, 2.132653795676344]
    - time_from_start: 0
      positions: [-0.5547177517442208, -1.222928683570618, 1.488932940158642, -1.657223843717502, -1.776782561108215, 0.7991514346252324]
    - time_from_start: 0
      positions: [-0.5561289118885683, -0.7053484485589322, 1.236479409419242, -2.093612260621547, -1.56349100122506, -0.2315942641206623]