joint_trajectory:
  points:
    - time_from_start: 0
      positions: [1.57, -1.5707, 0, -1.5707, -1.57, 3.14]
    - positions: [1.474291433152877, -1.295047999795734, 1.103465089154787, -0.6163833528043087, -1.029783550486262, 1.379862985236193]
      time_from_start: 0
    - positions: [1.237629200037914, -0.8273819162538458, 1.129959378482491, -1.22858169260703, -1.257416153273568, 0.1543815847986713]
      time_from_start: 0
    - time_from_start: 0
      positions: [1.078044103367963, -0.5326764512896465, 0.8870344765011127, -1.928235220603611, -1.561807646560506, -0.3701910856667353]
  joint_names: [shoulder_pan_joint, shoulder_lift_joint, elbow_joint, wrist_1_joint, wrist_2_joint, wrist_3_joint]