joint_trajectory:
  joint_names: [shoulder_pan_joint, shoulder_lift_joint, elbow_joint, wrist_1_joint, wrist_2_joint, wrist_3_joint]
  points:
    - positions: [1.57, -1.5707, 0, -1.5707, -1.57, 3.14]
      time_from_start: 0
    - positions: [-0.4511310135039183, -1.496985012542317, 1.561251559020523, -0.247145768746668, -0.8593822402183693, 1.116952475102445]
      time_from_start: 0
    - time_from_start: 0
      positions: [-0.4811436926318208, -1.066989853479903, 1.50256160202041, -1.12237831922708, -1.118071527817561, 0.6246189172923937]
    - time_from_start: 0
      positions: [-0.2133891604174809, -0.461125951143383, 1.258757353770622, -2.35845280893222, -1.566211583952325, -0.08703382628816435]