joint_trajectory:
  points:
    - time_from_start: 0
      positions: [1.57, -1.5707, 0, -1.5707, -1.57, 3.14]
    - positions: [-0.4399531305691564, -1.276939599062277, 1.592004492112667, -0.8564922595950201, -1.205992161089551, 0.7146728272560221]
      time_from_start: 0
    - time_from_start: 0
      positions: [-0.4655235549998993, -1.228081749643168, 1.576671458926731, -0.9869953258097866, -1.238772051106687, 0.65113414450103]
    - time_from_start: 0
      positions: [-0.5967475061264719, -0.7665678720674943, 1.373208815745217, -2.184912337240673, -1.563569777871108, 0.1145459363691258]
  joint_names: [shoulder_pan_joint, shoulder_lift_joint, elbow_joint, wrist_1_joint, wrist_2_joint, wrist_3_joint]