joint_trajectory:
  points:
    - time_from_start: 0
      positions: [1.57, -1.5707, 0, -1.5707, -1.57, 3.14]
    - positions: [-2.454810525558027, -1.881209603217723, 1.984169736962826, -1.500611363653415, 0.5747398662452964, -0.04493150708970668]
      time_from_start: 0
    - time_from_start: 0
      positions: [-2.092568206875697, -1.392023750901095, 1.833481801494814, -1.80551518886017, -0.1862833453377443, 0.06200221000454683]
    - positions: [-0.9668701939110145, -0.411284253143576, 1.229839451839136, -2.381922422119005, -1.569705718737966, 0.06042015537163559]
      time_from_start: 0
  joint_names: [shoulder_pan_joint, shoulder_lift_joint, elbow_joint, wrist_1_joint, wrist_2_joint, wrist_3_joint]