joint_trajectory:
  points:
    - time_from_start: 0
      positions: [1.57, -1.5707, 0, -1.5707, -1.57, 3.14]
    - positions: [0.466349797495287, -1.00859372697523, 1.018558245205077, -0.3549049770517425, -1.368735070108148, 1.26449961277856]
      time_from_start: 0
    - time_from_start: 0
      positions: [0.9475992719628338, -0.5151996219679582, 1.049190514222362, -1.563692715731881, -1.49927768967169, 0.2522791210666798]
    - time_from_start: 0
      positions: [1.251074465784921, -0.3428863519667699, 0.9792606787705797, -2.198385241290981, -1.573555974551606, -0.04202335991878873]
  joint_names: [shoulder_pan_joint, shoulder_lift_joint, elbow_joint, wrist_1_joint, wrist_2_joint, wrist_3_joint]