joint_trajectory:
  joint_names: [shoulder_pan_joint, shoulder_lift_joint, elbow_joint, wrist_1_joint, wrist_2_joint, wrist_3_joint]
  points:
    - positions: [1.57, -1.5707, 0, -1.5707, -1.57, 3.14]
      time_from_start: 0
    - time_from_start: 0
      positions: [-1.460592546476895, -1.669944203308552, 0.4251434912092205, 0.352644540975619, -1.306861356089226, -0.6247262567613507]
    - positions: [-1.881121177109017, -1.288639203566899, 1.523169382314887, -0.1594400954872504, -1.467357044791175, -0.9760953016864087]
      time_from_start: 0
    - positions: [-1.274934201873964, -0.4982030750398867, 1.343208209039458, -2.416516417559, -1.56576720560934, -0.0520709293230192]
      time_from_start: 0