joint_trajectory:
  points:
    - time_from_start: 0
      positions: [1.57, -1.5707, 0, -1.5707, -1.57, 3.14]
    - time_from_start: 0
      positions: [-2.46476653832184, -1.663778596265018, -1.793464194155762, -1.749340168728975, 1.656905903600079, -0.2953206128242625]
    - positions: [-2.667611274068592, -2.161090373265599, -1.449536513303666, -1.52249488080388, 1.76466166114982, -0.2670421101372888]
      time_from_start: 0
    - time_from_start: 0
      positions: [-2.806392807312744, -2.90079053349711, -0.8110594213231048, -1.000991841247976, 1.567731756816382, -0.04473948330105992]
  joint_names: [shoulder_pan_joint, shoulder_lift_joint, elbow_joint, wrist_1_joint, wrist_2_joint, wrist_3_joint]