joint_trajectory:
  points:
    - positions: [1.57, -1.5707, 0, -1.5707, -1.57, 3.14]
      time_from_start: 0
    - time_from_start: 0
      positions: [0.6133398470679838, -1.811500253308751, 1.562644309089931, -1.416186696733498, 0.2483526854974651, 2.757095091229888]
    - time_from_start: 0
      positions: [0.5511592675945276, -1.136829463739602, 1.464893719712575, -1.618637837244306, -0.273949015689438, 1.171815827412691]
    - time_from_start: 0
      positions: [0.9095773347323902, -0.3826809120071556, 0.687741539770345, -1.88089764615589, -1.571209434447603, -0.1854647588693331]
  joint_names: [shoulder_pan_joint, shoulder_lift_joint, elbow_joint, wrist_1_joint, wrist_2_joint, wrist_3_joint]