joint_trajectory:
  points:
    - time_from_start: 0
      positions: [1.57, -1.5707, 0, -1.5707, -1.57, 3.14]
    - positions: [-0.2210000909578558, -0.8419704070827796, 0.5070969993796118, -0.1734704530467856, 0.6414092198887124, 0.2741148221279934]
      time_from_start: 0
    - time_from_start: 0
      positions: [0.2350265810535025, -0.579179057513783, 0.7810258964307883, -1.107282057857538, -0.261944278751074, -0.02252497013335841]
    - positions: [1.015495589193212, -0.2926199540302158, 0.8765178912572327, -2.162828432508288, -1.567969569371696, -0.05432090244596657]
      time_from_start: 0
  joint_names: [shoulder_pan_joint, shoulder_lift_joint, elbow_joint, wrist_1_joint, wrist_2_joint, wrist_3_joint]