joint_trajectory:
  joint_names: [shoulder_pan_joint, shoulder_lift_joint, elbow_joint, wrist_1_joint, wrist_2_joint, wrist_3_joint]
  points:
    - time_from_start: 0
      positions: [1.57, -1.5707, 0, -1.5707, -1.57, 3.14]
    - time_from_start: 0
      positions: [-1.726010430207206, -1.476734605307236, 0.7090449204925893, -1.050914998412496, 0.7490449145292246, 1.468345049849298]
    - time_from_start: 0
      positions: [-1.533061483096476, -1.053460003512606, 1.08054860907233, -1.381127565933468, -0.181110492571903, 0.8218759236528936]
    - positions: [-0.7113998504466199, -0.4217396793282074, 1.038080745957303, -2.177482321962376, -1.565059323365007, -0.2143596445758122]
      time_from_start: 0