joint_trajectory:
  points:
    - time_from_start: 0
      positions: [1.57, -1.5707, 0, -1.5707, -1.57, 3.14]
    - positions: [-1.528517845911823, -1.629649461220228, 1.755133719383527, -1.638954546369858, -0.5169904845370323, -0.2105067072400866]
      time_from_start: 0
    - time_from_start: 0
      positions: [-1.63255753328673, -1.225534441235252, 1.592451475144491, -1.897541919486341, -0.9749155309574897, -0.3085870757427617]
    - time_from_start: 0
      positions: [-1.757862915343537, -0.6991581391878204, 1.374807925508707, -2.236794346940551, -1.568799219342726, -0.4259437242048445]
  joint_names: [shoulder_pan_joint, shoulder_lift_joint, elbow_joint, wrist_1_joint, wrist_2_joint, wrist_3_joint]