joint_trajectory:
  points:
    - positions: [1.57, -1.5707, 0, -1.5707, -1.57, 3.14]
      time_from_start: 0
    - positions: [1.144945645831592, -1.641399977344752, 0.3795437592882527, -1.669196318899519, -1.535690216379435, 3.084069502674518]
      time_from_start: 0
    - time_from_start: 0
      positions: [-0.8135902335664045, -1.47035271544948, 1.791235164718078, -2.124861790052815, -1.4311898104209, 1.856748239710217]
    - positions: [-0.5808394813731925, -0.3478003006234146, 0.8478987641100162, -2.07489991987931, -1.566887593191308, -0.227903721312856]
      time_from_start: 0
  joint_names: [shoulder_pan_joint, shoulder_lift_joint, elbow_joint, wrist_1_joint, wrist_2_joint, wrist_3_joint]