joint_trajectory:
  points:
    - positions: [1.57, -1.5707, 0, -1.5707, -1.57, 3.14]
      time_from_start: 0
    - time_from_start: 0
      positions: [-2.034548214487937, -2.237955405565488, -1.050637028828518, -0.8226432602137996, 1.251813125063721, 0.1311011285081978]
    - time_from_start: 0
      positions: [-2.269417897508821, -2.350434834197256, -1.108768497855105, -0.9211654848986623, 1.395613464684209, 0.1539982744442416]
    - positions: [-2.554542573639738, -2.490630736447536, -1.175390756063083, -1.04109669789852, 1.568842251615204, 0.1858344716941753]
      time_from_start: 0
  joint_names: [shoulder_pan_joint, shoulder_lift_joint, elbow_joint, wrist_1_joint, wrist_2_joint, wrist_3_joint]