joint_trajectory:
  joint_names: [shoulder_pan_joint, shoulder_lift_joint, elbow_joint, wrist_1_joint, wrist_2_joint, wrist_3_joint]
  points:
    - time_from_start: 0
      positions: [1.57, -1.5707, 0, -1.5707, -1.57, 3.14]
    - time_from_start: 0
      positions: [0.2472406761650025, -0.8412825218985541, 0.3377150353893666, -1.318113146718739, -0.1675208714130578, 0.1991711048207034]
    - positions: [1.274706618460749, -0.06892986926253188, 0.2997323636701811, -1.79664851410391, -1.579066653750574, -0.2247561311312001]
      time_from_start: 0