joint_trajectory:
  joint_names: [shoulder_pan_joint, shoulder_lift_joint, elbow_joint, wrist_1_joint, wrist_2_joint, wrist_3_joint]
  points:
    - positions: [1.57, -1.5707, 0, -1.5707, -1.57, 3.14]
      time_from_start: 0
    - positions: [0.04597090284070738, -1.457725123032995, 1.113083846031547, -1.149558406666079, -0.6618815370530187, 0.6364530359582818]
      time_from_start: 0
    - positions: [0.03011043400964127, -1.367797463281365, 1.166610135688601, -1.113649239561285, -0.6538638404133237, 0.5641370718687333]
      time_from_start: 0
    - positions: [0.5603423590226637, -0.4789633303410057, 0.9455599188925625, -2.033644961659437, -1.582597827558714, -0.3407677010426606]
      time_from_start: 0