joint_trajectory:
  joint_names: [shoulder_pan_joint, shoulder_lift_joint, elbow_joint, wrist_1_joint, wrist_2_joint, wrist_3_joint]
  points:
    - positions: [1.57, -1.5707, 0, -1.5707, -1.57, 3.14]
      time_from_start: 0
    - time_from_start: 0
      positions: [1.096878666573202, -0.7821794813393748, 0.7340868673159965, -0.4349518512242647, -0.5441977143728465, -0.2017063745909621]
    - time_from_start: 0
      positions: [0.5227595078073938, -0.7092635269653235, 0.9297344175787589, -0.7777332470231816, -0.5651310147689484, -0.277029907505031]
    - positions: [0.7359576446239177, -0.3104545013322462, 0.63320914718459, -1.894282745877393, -1.566531003424383, 0.2541707788799991]
      time_from_start: 0