joint_trajectory:
  points:
    - time_from_start: 0
      positions: [1.57, -1.5707, 0, -1.5707, -1.57, 3.14]
    - time_from_start: 0
      positions: [0.9498239349314379, -1.224775691637251, 1.217202915867601, -1.532325902282645, -0.5707198229538846, -0.3593884731853849]
    - positions: [0.6177576078182314, -1.249170182480378, 1.48244631081005, -2.18885386161506, -0.9539709479968654, -0.778024898616039]
      time_from_start: 0
    - positions: [0.3447170207538662, -0.5625807926383208, 0.9862269013914156, -1.997151543567586, -1.577614514577519, -0.3463249975451742]
      time_from_start: 0
  joint_names: [shoulder_pan_joint, shoulder_lift_joint, elbow_joint, wrist_1_joint, wrist_2_joint, wrist_3_joint]