joint_trajectory:
  joint_names: [shoulder_pan_joint, shoulder_lift_joint, elbow_joint, wrist_1_joint, wrist_2_joint, wrist_3_joint]
  points:
    - positions: [1.57, -1.5707, 0, -1.5707, -1.57, 3.14]
      time_from_start: 0
    - positions: [0.3748043673839198, -1.567127174305375, 1.482124958318717, -1.250972225203832, -0.8579401059510887, 1.48471875105373]
      time_from_start: 0
    - time_from_start: 0
      positions: [0.3596809434798075, -1.472595371670827, 1.498054862828854, -1.20873555755736, -0.8922660157918041, 1.276873664477685]
    - positions: [0.4015333882993181, -0.7039142342146013, 1.294323818400777, -2.163620806328636, -1.570121039215897, -0.03120522845118682]
      time_from_start: 0