joint_trajectory:
  joint_names: [shoulder_pan_joint, shoulder_lift_joint, elbow_joint, wrist_1_joint, wrist_2_joint, wrist_3_joint]
  points:
    - time_from_start: 0
      positions: [1.57, -1.5707, 0, -1.5707, -1.57, 3.14]
    - time_from_start: 0
      positions: [0.8243718278136221, -1.395822873510202, 1.390528201384192, -1.958649257882273, -1.687129277746194, 1.174443367591299]
    - time_from_start: 0
      positions: [0.4494661333238608, -0.8936720608641389, 1.178982425985716, -1.988554813877049, -1.631140020200676, 0.2941069185624877]
    - time_from_start: 0
      positions: [0.1929268763225444, -0.4961066315570521, 0.9156001019306397, -1.987505584550982, -1.577863621634687, -0.2942248875242988]