joint_trajectory:
  joint_names: [shoulder_pan_joint, shoulder_lift_joint, elbow_joint, wrist_1_joint, wrist_2_joint, wrist_3_joint]
  points:
    - time_from_start: 0
      positions: [1.57, -1.5707, 0, -1.5707, -1.57, 3.14]
    - positions: [-0.7432265997003701, -1.174342649718158, 1.082880072030273, -0.7554643313117171, -0.2657472409347664, -0.2576872535290363]
      time_from_start: 0
    - time_from_start: 0
      positions: [-1.039126638511271, -0.8003633883173127, 1.204184563948306, -1.767616227592238, -1.203153904467258, -0.1492940071041169]
    - time_from_start: 0
      positions: [-1.147019668796976, -0.6566045587627812, 1.24018555886571, -2.155693360253695, -1.572332826420201, -0.09910924093463745]