joint_trajectory:
  points:
    - positions: [1.57, -1.5707, 0, -1.5707, -1.57, 3.14]
      time_from_start: 0
    - time_from_start: 0
      positions: [-0.1177997430650444, -1.291085491823091, 1.183912508007026, -0.5541969265001518, -0.6818475066581069, 1.384072393032272]
    - positions: [-0.198257783599983, -0.9334163874719975, 1.199743896744799, -0.7875217392209773, -0.8932757354892671, 0.9627068795588141]
      time_from_start: 0
    - time_from_start: 0
      positions: [-0.1997118162743734, -0.07152208106286607, 0.3423181126718314, -1.836401935599852, -1.576428834075006, -0.3886786645919391]
  joint_names: [shoulder_pan_joint, shoulder_lift_joint, elbow_joint, wrist_1_joint, wrist_2_joint, wrist_3_joint]