joint_trajectory:
  points:
    - time_from_start: 0
      positions: [1.57, -1.5707, 0, -1.5707, -1.57, 3.14]
    - time_from_start: 0
      positions: [0.4000899307200017, -1.491513162747217, 0.7640901790897574, -1.651800708643133, -0.7945291359666079, 2.892058346170087]
    - positions: [-1.452415960285811, -0.914220495623097, 1.39722377396823, -1.850074269988011, -0.5088352834638483, 1.279884033228289]
      time_from_start: 0
    - positions: [-1.483958662110964, -0.3915497114809096, 0.753455531159788, -1.932723672744979, -1.573261183574999, -0.1315900227044471]
      time_from_start: 0
  joint_names: [shoulder_pan_joint, shoulder_lift_joint, elbow_joint, wrist_1_joint, wrist_2_joint, wrist_3_joint]