joint_trajectory:
  points:
    - time_from_start: 0
      positions: [1.57, -1.5707, 0, -1.5707, -1.57, 3.14]
    - positions: [0.03528571477746415, -1.397267545474712, 0.01907292734471016, -0.7896775009983442, -1.07637843562085, -0.2913268108587065]
      time_from_start: 0
    - time_from_start: 0
      positions: [0.4349205628144915, -1.253753974139072, 1.344232515264334, -0.8695338416676825, -0.7948902811025146, -1.082358814497911]
    - time_from_start: 0
      positions: [0.9336416146846009, -0.5824480244040626, 1.388226503542143, -2.373286155290119, -1.565913804796145, -0.2700100218975581]
  joint_names: [shoulder_pan_joint, shoulder_lift_joint, elbow_joint, wrist_1_joint, wrist_2_joint, wrist_3_joint]