joint_trajectory:
  joint_names: [shoulder_pan_joint, shoulder_lift_joint, elbow_joint, wrist_1_joint, wrist_2_joint, wrist_3_joint]
  points:
    - positions: [1.57, -1.5707, 0, -1.5707, -1.57, 3.14]
      time_from_start: 0
    - positions: [0.6208620176671947, -1.616842757512451, 1.311543742521051, -1.514034981141377, -0.7270294499863965, 2.090728068918339]
      time_from_start: 0
    - positions: [0.1336652486469051, -1.296139893620763, 1.609099953399886, -1.312714541629719, -0.7011331153828866, 1.422581779531758]
      time_from_start: 0
    - positions: [0.08159121670479476, -0.4454644615172035, 0.9679600480794003, -2.087698727144097, -1.571956365490946, -0.3645416396144762]
      time_from_start: 0