joint_trajectory:
  points:
    - time_from_start: 0
      positions: [1.57, -1.5707, 0, -1.5707, -1.57, 3.14]
    - positions: [-1.554719942236134, -1.500354112469608, 1.474207470839701, -1.142858534617555, -1.083215215496257, -0.5729932039744909]
      time_from_start: 0
    - time_from_start: 0
      positions: [-1.23684182741475, -1.047578620073218, 1.248993253038152, -1.518684313520789, -1.314744387249858, -0.2587681517859504]
    - positions: [-0.8323414665830993, -0.512788459787561, 0.930708078289996, -1.983337944789791, -1.567617210299559, 0.129980826450667]
      time_from_start: 0
  joint_names: [shoulder_pan_joint, shoulder_lift_joint, elbow_joint, wrist_1_joint, wrist_2_joint, wrist_3_joint]