joint_trajectory:
  joint_names: [shoulder_pan_joint, shoulder_lift_joint, elbow_joint, wrist_1_joint, wrist_2_joint, wrist_3_joint]
  points:
    - positions: [1.57, -1.5707, 0, -1.5707, -1.57, 3.14]
      time_from_start: 0
    - time_from_start: 0
      positions: [-0.3447914145654334, -1.280915614924669, 0.6411003034763445, -1.19319889781462, -0.9520321631580178, -0.03583731250313771]
    - time_from_start: 0
      positions: [-0.1496351451532023, -1.0104587912752, 0.8940472441576188, -1.435715440291933, -1.303366074178208, -0.4951331006079559]
    - positions: [0.2387251572259042, -0.439960237491518, 0.7670823309614304, -1.896624648262316, -1.576537978505129, -0.2709397978571401]
      time_from_start: 0