joint_trajectory:
  points:
    - positions: [1.57, -1.5707, 0, -1.5707, -1.57, 3.14]
      time_from_start: 0
    - time_from_start: 0
      positions: [-0.2331462002954705, -2.092287018484111, 1.545562814059652, -1.389353505760696, -1.052563505101465, 1.791234809909191]
    - positions: [-0.4876205627556487, -1.48640781902788, 1.697620521623513, -1.661245046727827, -1.223957031682, 0.7048260616153174]
      time_from_start: 0
    - positions: [-0.6330991652054198, -0.7759237453329078, 1.500671321986238, -2.288104112607403, -1.574655357550996, -0.1196257916102968]
      time_from_start: 0
  joint_names: [shoulder_pan_joint, shoulder_lift_joint, elbow_joint, wrist_1_joint, wrist_2_joint, wrist_3_joint]