joint_trajectory:
  joint_names: [shoulder_pan_joint, shoulder_lift_joint, elbow_joint, wrist_1_joint, wrist_2_joint, wrist_3_joint]
  points:
    - time_from_start: 0
      positions: [1.57, -1.5707, 0, -1.5707, -1.57, 3.14]
    - time_from_start: 0
      positions: [1.607809038502383, -1.889931930947753, 0.9336466250186355, -0.8529731248663565, -1.094282924591538, 2.796698160010877]
    - time_from_start: 0
      positions: [1.553112788854974, -1.423564563076111, 1.885098651793952, -1.211582030934875, -1.046017189946108, 0.9125079977828063]
    - time_from_start: 0
      positions: [1.469889792475025, -0.717671899669126, 1.457622657533175, -2.31085452547724, -1.572453545167198, -0.01510267840602865]