joint_trajectory:
  points:
    - positions: [1.57, -1.5707, 0, -1.5707, -1.57, 3.14]
      time_from_start: 0
    - time_from_start: 0
      positions: [-0.4912081521878953, -1.543248552547317, 1.405957126949423, -0.3020208323243623, 0.1515545746815482, 0.5539426953449416]
    - time_from_start: 0
      positions: [-0.05243055231235468, -0.9028035901906917, 1.186704388356978, -1.394935190181264, -0.8943914584113161, 0.1508382429200033]
    - time_from_start: 0
      positions: [0.2449773410963477, -0.48880392265658, 1.035108418937686, -2.114156138629951, -1.571674746135028, -0.1124082861381502]
  joint_names: [shoulder_pan_joint, shoulder_lift_joint, elbow_joint, wrist_1_joint, wrist_2_joint, wrist_3_joint]