joint_trajectory:
  joint_names: [shoulder_pan_joint, shoulder_lift_joint, elbow_joint, wrist_1_joint, wrist_2_joint, wrist_3_joint]
  points:
    - time_from_start: 0
      positions: [1.57, -1.5707, 0, -1.5707, -1.57, 3.14]
    - time_from_start: 0
      positions: [0.3917271783470738, -1.02266426540743, 0.9983942096890067, -1.15557089544186, -1.213501361202755, 1.783604737815757]
    - time_from_start: 0
      positions: [0.7828434872414871, -0.7921313902503757, 1.179710109000493, -1.025166713607744, -1.502458504130479, 1.388696362358364]
    - time_from_start: 0
      positions: [1.530406864804538, -0.3012953973524535, 0.9305779700074605, -2.201892731022739, -1.565996317308585, 0.04619090476602355]