joint_trajectory:
  joint_names: [shoulder_pan_joint, shoulder_lift_joint, elbow_joint, wrist_1_joint, wrist_2_joint, wrist_3_joint]
  points:
    - positions: [1.57, -1.5707, 0, -1.5707, -1.57, 3.14]
      time_from_start: 0
    - time_from_start: 0
      positions: [1.606120844978672, -1.422141213127197, 1.034694390657398, -0.3656321868549787, -0.742146578242507, 1.666183541296036]
    - positions: [1.006212888032887, -0.8942520469023286, 1.121338964376962, -1.299859834781199, -1.337422758901534, 0.3818326412533151]
      time_from_start: 0
    - positions: [0.6934577772976248, -0.515548009767607, 1.010252776971351, -2.07573901379019, -1.571318442431186, -0.1825036013224742]
      time_from_start: 0