joint_trajectory:
  points:
    - positions: [1.57, -1.5707, 0, -1.5707, -1.57, 3.14]
      time_from_start: 0
    - time_from_start: 0
      positions: [0.05622325394075527, -0.9034022675713237, 1.4491961928192, -1.142065086424861, -0.09232563841410169, -0.06686299174444736]
    - positions: [0.04208605071684746, -0.8003827706592608, 1.314636675946897, -1.308413477775337, -0.3972678339680713, -0.08485089687102418]
      time_from_start: 0
    - positions: [0.08386598920455551, -0.3916866952259964, 0.80534623236341, -1.992626642778833, -1.574807974052014, -0.1228075907077563]
      time_from_start: 0
  joint_names: [shoulder_pan_joint, shoulder_lift_joint, elbow_joint, wrist_1_joint, wrist_2_joint, wrist_3_joint]